[/mnt/sdb/Pictures/Shirayukihime to Kuro taitsu  ( - Mikageishi Zai.pdf]
page=11
offset=0
zoom=1.2778570088615473
rotate=0
pages-per-row=1
first-page-column=1:2
page-right-to-left=false
position-x=0.5
position-y=0.075163398692810454
time=1587562493
jumplist=

[EwJbUCUIQWPEEGusjHHg12/YtluntDSu+e2ucy4f4qM=]
page=11
offset=0
zoom=1.2778570088615473
rotate=0
pages-per-row=1
first-page-column=1:2
page-right-to-left=false
position-x=0.5
position-y=0.075163398692810454
time=1587562493
